L	4.842748	5.585857	1620717720000000	5.283500	5.286474	1.669991	1.729488
R	7.963908	0.792680	2.403240	1620717720050000	5.365473	5.374397	1.639471	1.758447
L	5.602496	5.522318	1620717720100000	5.445896	5.463740	1.608449	1.786867
R	7.606542	0.775379	2.396470	1620717720150000	5.524742	5.554477	1.576934	1.814740
L	5.712731	5.785975	1620717720200000	5.601989	5.646580	1.544936	1.842057
R	8.124167	0.772740	2.387541	1620717720250000	5.677612	5.740020	1.512465	1.868810
L	5.202361	5.506390	1620717720300000	5.751589	5.834770	1.479531	1.894990
R	8.211602	0.779355	2.378570	1620717720350000	5.823896	5.930799	1.446144	1.920590
L	5.764117	5.739985	1620717720400000	5.894512	6.028080	1.412314	1.945603
R	8.846489	0.807538	2.376130	1620717720450000	5.963414	6.126580	1.378051	1.970019
L	5.953341	6.333806	1620717720500000	6.030583	6.226272	1.343367	1.993832
R	8.762737	0.788219	2.352750	1620717720550000	6.095996	6.327124	1.308271	2.017034
L	6.162090	6.163453	1620717720600000	6.159635	6.429105	1.272774	2.039619
R	8.841557	0.866653	2.372004	1620717720650000	6.221479	6.532184	1.236888	2.061579
L	6.230857	6.395784	1620717720700000	6.281510	6.636329	1.200623	2.082908
R	9.568313	0.824685	2.334847	1620717720750000	6.339710	6.741509	1.163990	2.103599
L	6.543649	7.031211	1620717720800000	6.396060	6.847691	1.127000	2.123646
R	9.205987	0.826247	2.314381	1620717720850000	6.450543	6.954843	1.089666	2.143042
L	7.293985	6.868049	1620717720900000	6.503143	7.062933	1.051998	2.161782
R	9.709485	0.816804	2.283177	1620717720950000	6.553843	7.171926	1.014007	2.179860
L	7.087067	7.379112	1620717721000000	6.602629	7.281789	0.975706	2.197270
R	9.546561	0.830226	2.266398	1620717721050000	6.649484	7.392489	0.937107	2.214008
L	6.838196	8.204684	1620717721100000	6.694395	7.503993	0.898220	2.230067
R	10.111038	0.861894	2.263712	1620717721150000	6.737348	7.616265	0.859058	2.245444
L	6.741915	7.727195	1620717721200000	6.778330	7.729272	0.819634	2.260133
R	10.499755	0.821100	2.195902	1620717721250000	6.817328	7.842978	0.779958	2.274130
L	6.876688	8.432840	1620717721300000	6.854330	7.957350	0.740043	2.287430
R	10.375167	0.852615	2.192477	1620717721350000	6.889325	8.072351	0.699902	2.300030
L	6.873156	8.029084	1620717721400000	6.922302	8.187947	0.659546	2.311925
R	11.058176	0.868879	2.173612	1620717721450000	6.953252	8.304103	0.618989	2.323113
L	7.332770	8.499887	1620717721500000	6.982164	8.420782	0.578241	2.333589
R	10.590014	0.868064	2.135433	1620717721550000	7.009030	8.537950	0.537317	2.343350
L	7.238769	8.239072	1620717721600000	7.033841	8.655570	0.496228	2.352394
R	11.522559	0.889068	2.119765	1620717721650000	7.056590	8.773606	0.454988	2.360717
L	7.400709	9.081099	1620717721700000	7.077271	8.892021	0.413607	2.368318
R	11.391025	0.901631	2.093784	1620717721750000	7.095876	9.010781	0.372101	2.375193
L	7.560889	9.168594	1620717721800000	7.112400	9.129848	0.330480	2.381341
R	11.805523	0.930423	2.086408	1620717721850000	7.126838	9.249186	0.288758	2.386759
L	6.921744	9.495097	1620717721900000	7.139185	9.368758	0.246948	2.391447
R	11.635525	0.919867	2.029845	1620717721950000	7.149438	9.488528	0.205062	2.395402
L	7.364490	9.814014	1620717722000000	7.157594	9.608460	0.163113	2.398623
R	12.479162	0.939943	2.010393	1620717722050000	7.163649	9.728515	0.121114	2.401110
L	7.374115	9.777011	1620717722100000	7.167603	9.848658	0.079078	2.402862
R	12.298411	0.924887	1.941906	1620717722150000	7.169454	9.968852	0.037018	2.403878
L	7.323306	10.127200	1620717722200000	7.169202	10.089060	-0.005053	2.404158
R	12.292971	0.935607	1.906922	1620717722250000	7.166845	10.209245	-0.047123	2.403701
L	7.260081	10.706355	1620717722300000	7.162387	10.329371	-0.089178	2.402509
R	12.833595	1.006201	1.957817	1620717722350000	7.155826	10.449400	-0.131207	2.400580
L	6.491020	10.085490	1620717722400000	7.147166	10.569295	-0.173194	2.397917
R	12.832675	0.945230	1.815102	1620717722450000	7.136410	10.689021	-0.215129	2.394519
L	7.298129	10.682835	1620717722500000	7.123560	10.808541	-0.256998	2.390387
R	13.189406	0.981179	1.816597	1620717722550000	7.108621	10.927817	-0.298789	2.385524
L	7.139820	10.764577	1620717722600000	7.091596	11.046813	-0.340487	2.379930
R	12.953218	1.005277	1.799322	1620717722650000	7.072492	11.165494	-0.382082	2.373608
L	7.540363	11.615641	1620717722700000	7.051314	11.283822	-0.423559	2.366558
R	13.103593	1.003424	1.739351	1620717722750000	7.028069	11.401761	-0.464907	2.358784
L	7.218812	11.426744	1620717722800000	7.002763	11.519275	-0.506113	2.350287
R	13.409897	1.043700	1.748084	1620717722850000	6.975405	11.636329	-0.547163	2.341071
L	7.227803	11.820768	1620717722900000	6.946003	11.752886	-0.588046	2.331137
R	13.932708	1.057649	1.712954	1620717722950000	6.914565	11.868910	-0.628749	2.320490
L	6.486829	12.015989	1620717723000000	6.881102	11.984367	-0.669259	2.309132
R	13.663551	1.024185	1.593535	1620717723050000	6.845624	12.099220	-0.709564	2.297067
L	6.863816	12.490548	1620717723100000	6.808142	12.213435	-0.749652	2.284299
R	13.697508	1.098089	1.662347	1620717723150000	6.768666	12.326977	-0.789511	2.270831
L	6.749421	11.682379	1620717723200000	6.727210	12.439810	-0.829127	2.256667
R	14.131244	1.071651	1.552569	1620717723250000	6.683785	12.551901	-0.868490	2.241813
L	6.589471	12.299447	1620717723300000	6.638406	12.663214	-0.907587	2.226272
R	14.286026	1.115703	1.569122	1620717723350000	6.591086	12.773717	-0.946405	2.210049
L	6.573490	13.159173	1620717723400000	6.541839	12.883374	-0.984934	2.193149
R	14.367636	1.107056	1.488149	1620717723450000	6.490681	12.992153	-1.023162	2.175578
L	6.136644	13.460499	1620717723500000	6.437627	13.100020	-1.061076	2.157341
R	14.866844	1.117874	1.442057	1620717723550000	6.382694	13.206942	-1.098665	2.138442
L	6.191749	13.570887	1620717723600000	6.325898	13.312887	-1.135917	2.118889
R	14.583058	1.161278	1.458173	1620717723650000	6.267257	13.417821	-1.172822	2.098687
L	6.691726	13.670383	1620717723700000	6.206788	13.521713	-1.209368	2.077843
R	15.061605	1.144379	1.357051	1620717723750000	6.144511	13.624531	-1.245543	2.056362
L	6.054773	13.391188	1620717723800000	6.080444	13.726244	-1.281337	2.034251
R	14.752018	1.183649	1.365513	1620717723850000	6.014608	13.826820	-1.316738	2.011517
L	5.842563	14.250423	1620717723900000	5.947021	13.926228	-1.351736	1.988167
R	15.090850	1.189921	1.308112	1620717723950000	5.877705	14.024438	-1.386320	1.964209
L	5.844087	14.601161	1620717724000000	5.806681	14.121421	-1.420480	1.939649
R	15.246048	1.221451	1.301104	1620717724050000	5.733970	14.217146	-1.454205	1.914494
L	5.531277	14.420151	1620717724100000	5.659596	14.311583	-1.487484	1.888754
R	15.458048	1.191142	1.166391	1620717724150000	5.583581	14.404705	-1.520308	1.862435
L	5.985298	14.384559	1620717724200000	5.505948	14.496482	-1.552666	1.835546
R	15.835900	1.213459	1.139635	1620717724250000	5.426720	14.586887	-1.584548	1.808095
L	5.395502	14.549696	1620717724300000	5.345923	14.675892	-1.615946	1.780090
R	15.428328	1.225224	1.090146	1620717724350000	5.263580	14.763469	-1.646848	1.751539
L	4.856330	14.628159	1620717724400000	5.179718	14.849591	-1.677247	1.722453
R	16.159331	1.280459	1.133279	1620717724450000	5.094362	14.934233	-1.707131	1.692839
L	5.513447	14.897825	1620717724500000	5.007537	15.017368	-1.736493	1.662706
R	16.051244	1.252814	0.998317	1620717724550000	4.919271	15.098972	-1.765323	1.632065
L	4.694168	14.883849	1620717724600000	4.829590	15.179018	-1.793612	1.600923
R	15.704105	1.270703	0.960749	1620717724650000	4.738523	15.257482	-1.821352	1.569291
L	4.794798	15.208047	1620717724700000	4.646096	15.334341	-1.848535	1.537179
R	16.313198	1.290328	0.926753	1620717724750000	4.552338	15.409571	-1.875151	1.504596
L	4.403939	15.461069	1620717724800000	4.457279	15.483149	-1.901193	1.471552
R	16.349347	1.295620	0.860450	1620717724850000	4.360946	15.555052	-1.926653	1.438058
L	4.291857	15.524600	1620717724900000	4.263370	15.625258	-1.951522	1.404123
R	16.089459	1.332091	0.863751	1620717724950000	4.164580	15.693746	-1.975794	1.369758
L	4.219563	15.336164	1620717725000000	4.064607	15.760494	-1.999461	1.334973
R	16.340169	1.324493	0.767422	1620717725050000	3.963481	15.825483	-2.022516	1.299780
L	4.026757	15.998786	1620717725100000	3.861234	15.888693	-2.044951	1.264189
R	16.757234	1.339707	0.722195	1620717725150000	3.757896	15.950103	-2.066760	1.228211
L	4.028169	16.562418	1620717725200000	3.653499	16.009696	-2.087937	1.191856
R	16.903078	1.357317	0.682210	1620717725250000	3.548075	16.067453	-2.108473	1.155137
L	3.681996	15.989952	1620717725300000	3.441657	16.123356	-2.128364	1.118063
R	16.160640	1.377988	0.649107	1620717725350000	3.334277	16.177388	-2.147603	1.080648
L	3.486394	16.196782	1620717725400000	3.225968	16.229534	-2.166185	1.042901
R	16.460786	1.376467	0.564153	1620717725450000	3.116762	16.279775	-2.184103	1.004835
L	2.850760	16.125092	1620717725500000	3.006695	16.328098	-2.201352	0.966461
R	16.965582	1.412771	0.567200	1620717725550000	2.895798	16.374488	-2.217928	0.927792
L	2.556857	16.480346	1620717725600000	2.784107	16.418930	-2.233823	0.888838
R	16.441137	1.396636	0.447044	1620717725650000	2.671655	16.461410	-2.249035	0.849612
L	2.911172	16.405693	1620717725700000	2.558478	16.501917	-2.263558	0.810126
R	16.780709	1.431847	0.447542	1620717725750000	2.444608	16.540436	-2.277388	0.770391
L	2.188132	16.336029	1620717725800000	2.330082	16.576957	-2.290521	0.730421
R	16.476903	1.456962	0.424170	1620717725850000	2.214934	16.611469	-2.302952	0.690227
L	2.153994	16.748657	1620717725900000	2.099201	16.643960	-2.314677	0.649822
R	17.023447	1.457128	0.341498	1620717725950000	1.982916	16.674421	-2.325694	0.609218
L	1.973086	16.789408	1620717726000000	1.866116	16.702842	-2.335999	0.568427
R	17.024276	1.455444	0.253986	1620717726050000	1.748837	16.729215	-2.345588	0.527462
L	1.334597	16.827597	1620717726100000	1.631114	16.753532	-2.354459	0.486335
R	17.109806	1.470153	0.205429	1620717726150000	1.512983	16.775785	-2.362609	0.445060
L	1.157424	16.898115	1620717726200000	1.394481	16.795967	-2.370035	0.403648
R	17.198130	1.489585	0.168113	1620717726250000	1.275645	16.814073	-2.376736	0.362113
L	0.936524	16.486797	1620717726300000	1.156509	16.830096	-2.382709	0.320467
R	17.321421	1.509284	0.131398	1620717726350000	1.037112	16.844032	-2.387952	0.278722
L	0.815348	17.483540	1620717726400000	0.917488	16.855877	-2.392464	0.236893
R	16.630269	1.517300	0.066581	1620717726450000	0.797676	16.865626	-2.396243	0.194990
L	0.516196	16.596057	1620717726500000	0.677712	16.873278	-2.399288	0.153028
R	16.880998	1.535596	0.026432	1620717726550000	0.557632	16.878829	-2.401598	0.111020
L	0.549991	16.485205	1620717726600000	0.437473	16.882278	-2.403173	0.068977
R	16.652209	1.546250	-0.032100	1620717726650000	0.317273	16.883623	-2.404012	0.026913
L	0.263563	16.879691	1620717726700000	0.197067	16.882865	-2.404115	-0.015159
R	16.707414	1.541588	-0.127395	1620717726750000	0.076893	16.880004	-2.403482	-0.057227
L	0.067637	16.850353	1620717726800000	-0.043213	16.875040	-2.402112	-0.099277
R	16.918480	1.567219	-0.149881	1620717726850000	-0.163213	16.867975	-2.400007	-0.141297
L	-0.857935	16.959283	1620717726900000	-0.283072	16.858812	-2.397167	-0.183273
R	16.491460	1.601746	-0.151017	1620717726950000	-0.402751	16.847552	-2.393593	-0.225193
L	-0.396369	17.027403	1620717727000000	-0.522216	16.834200	-2.389286	-0.267044
R	16.881840	1.616273	-0.200105	1620717727050000	-0.641428	16.818759	-2.384247	-0.308814
L	-0.689379	16.500846	1620717727100000	-0.760352	16.801235	-2.378478	-0.350489
R	16.675364	1.619233	-0.276752	1620717727150000	-0.878951	16.781632	-2.371981	-0.392056
L	-0.868301	16.704750	1620717727200000	-0.997189	16.759957	-2.364757	-0.433504
R	16.645574	1.615778	-0.368361	1620717727250000	-1.115029	16.736216	-2.356809	-0.474819
L	-1.142218	16.688718	1620717727300000	-1.232436	16.710416	-2.348139	-0.515988
R	16.536117	1.675413	-0.309729	1620717727350000	-1.349374	16.682566	-2.338750	-0.556999
L	-1.413994	16.629339	1620717727400000	-1.465806	16.652674	-2.328645	-0.597840
R	16.438648	1.672225	-0.400525	1620717727450000	-1.581697	16.620749	-2.317827	-0.638498
L	-2.196180	16.039926	1620717727500000	-1.697012	16.586802	-2.306299	-0.678960
R	16.885658	1.671511	-0.484914	1620717727550000	-1.811715	16.550841	-2.294064	-0.719214
L	-1.731927	16.543894	1620717727600000	-1.925772	16.512878	-2.281127	-0.759248
R	16.689873	1.701214	-0.497379	1620717727650000	-2.039146	16.472926	-2.267492	-0.799049
L	-2.322444	16.254515	1620717727700000	-2.151804	16.430996	-2.253162	-0.838606
R	16.629536	1.712013	-0.554153	1620717727750000	-2.263712	16.387100	-2.238142	-0.877906
L	-2.403934	16.498719	1620717727800000	-2.374833	16.341253	-2.222437	-0.916937
R	16.944270	1.729932	-0.594030	1620717727850000	-2.485136	16.293469	-2.206051	-0.955687
L	-2.239320	16.084084	1620717727900000	-2.594585	16.243762	-2.188990	-0.994145
R	16.788392	1.756304	-0.614109	1620717727950000	-2.703148	16.192147	-2.171258	-1.032298
L	-2.781981	15.777962	1620717728000000	-2.810791	16.138640	-2.152861	-1.070135
R	16.047411	1.756028	-0.695706	1620717728050000	-2.917482	16.083258	-2.133805	-1.107644
L	-3.198997	15.943553	1620717728100000	-3.023186	16.026017	-2.114095	-1.144814
R	16.192337	1.763521	-0.758735	1620717728150000	-3.127873	15.966936	-2.093739	-1.181634
L	-3.171860	16.072598	1620717728200000	-3.231510	15.906031	-2.072740	-1.218092
R	16.474252	1.757449	-0.851766	1620717728250000	-3.334066	15.843322	-2.051108	-1.254176
L	-3.711514	16.031912	1620717728300000	-3.435508	15.778828	-2.028846	-1.289877
R	16.377184	1.812874	-0.805673	1620717728350000	-3.535806	15.712569	-2.005964	-1.325182
L	-3.726902	15.414029	1620717728400000	-3.634930	15.644565	-1.982467	-1.360082
R	16.236756	1.801142	-0.910608	1620717728450000	-3.732848	15.574837	-1.958364	-1.394565
L	-3.864107	15.185228	1620717728500000	-3.829531	15.503406	-1.933660	-1.428621
R	15.749947	1.822022	-0.941934	1620717728550000	-3.924949	15.430294	-1.908365	-1.462240
L	-3.672124	15.334651	1620717728600000	-4.019073	15.355523	-1.882484	-1.495410
R	15.791786	1.822750	-1.017174	1620717728650000	-4.111875	15.279117	-1.856028	-1.528123
L	-4.362018	15.048347	1620717728700000	-4.203325	15.201099	-1.829003	-1.560368
R	15.167227	1.836383	-1.063484	1620717728750000	-4.293396	15.121492	-1.801418	-1.592135
L	-4.325726	15.114226	1620717728800000	-4.382060	15.040321	-1.773281	-1.623415
R	15.949428	1.864942	-1.077350	1620717728850000	-4.469290	14.957611	-1.744601	-1.654197
L	-4.409344	14.723450	1620717728900000	-4.555059	14.873388	-1.715387	-1.684472
R	15.143629	1.897926	-1.081680	1620717728950000	-4.639341	14.787676	-1.685648	-1.714232
L	-4.594364	14.637354	1620717729000000	-4.722111	14.700503	-1.655392	-1.743467
R	15.851741	1.889990	-1.172844	1620717729050000	-4.803343	14.611894	-1.624629	-1.772168
L	-4.849704	14.682924	1620717729100000	-4.883011	14.521878	-1.593369	-1.800326
R	15.633264	1.892284	-1.240842	1620717729150000	-4.961092	14.430481	-1.561621	-1.827933
L	-5.147859	14.495673	1620717729200000	-5.037562	14.337732	-1.529395	-1.854980
R	15.129148	1.940960	-1.212566	1620717729250000	-5.112397	14.243659	-1.496700	-1.881459
L	-5.096169	14.673676	1620717729300000	-5.185574	14.148291	-1.463547	-1.907362
R	14.742113	1.937973	-1.290533	1620717729350000	-5.257071	14.051657	-1.429946	-1.932681
L	-5.331596	14.337331	1620717729400000	-5.326867	13.953787	-1.395907	-1.957408
R	15.143056	1.959169	-1.318409	1620717729450000	-5.394939	13.854710	-1.361440	-1.981535
L	-5.418413	13.542433	1620717729500000	-5.461267	13.754457	-1.326557	-2.005056
R	14.439695	1.933394	-1.438084	1620717729550000	-5.525830	13.653059	-1.291267	-2.027962
L	-6.083420	13.613541	1620717729600000	-5.588609	13.550547	-1.255582	-2.050248
R	14.694382	1.990442	-1.395258	1620717729650000	-5.649585	13.446952	-1.219512	-2.071905
L	-6.069087	12.834108	1620717729700000	-5.708738	13.342305	-1.183069	-2.092928
R	14.738109	2.001232	-1.442246	1620717729750000	-5.766051	13.236640	-1.146263	-2.113310
L	-5.689751	13.321729	1620717729800000	-5.821507	13.129988	-1.109106	-2.133045
R	14.292886	1.973294	-1.560373	1620717729850000	-5.875087	13.022381	-1.071610	-2.152127
L	-5.705440	12.660484	1620717729900000	-5.926776	12.913854	-1.033786	-2.170550
R	13.743823	2.018427	-1.541760	1620717729950000	-5.976559	12.804438	-0.995645	-2.188308
L	-5.701181	12.567606	1620717730000000	-6.024419	12.694168	-0.957199	-2.205396
R	13.567380	2.026958	-1.590041	1620717730050000	-6.070342	12.583078	-0.918460	-2.221808
L	-6.281550	12.501377	1620717730100000	-6.114314	12.471201	-0.879440	-2.237540
R	13.822717	2.056035	-1.600694	1620717730150000	-6.156321	12.358572	-0.840150	-2.252587
L	-6.126491	12.168445	1620717730200000	-6.196351	12.245225	-0.800603	-2.266944
R	13.643009	2.044096	-1.683100	1620717730250000	-6.234392	12.131194	-0.760811	-2.280607
L	-6.568178	11.861191	1620717730300000	-6.270431	12.016516	-0.720786	-2.293571
R	13.446737	2.088652	-1.666618	1620717730350000	-6.304458	11.901224	-0.680540	-2.305833
L	-6.433613	11.925097	1620717730400000	-6.336462	11.785355	-0.640086	-2.317389
R	12.873863	2.095936	-1.713997	1620717730450000	-6.366434	11.668943	-0.599436	-2.328235
L	-6.095147	11.239403	1620717730500000	-6.394364	11.552024	-0.558602	-2.338368
R	13.399493	2.143283	-1.693051	1620717730550000	-6.420244	11.434635	-0.517597	-2.347785
L	-6.650356	11.286816	1620717730600000	-6.444066	11.316811	-0.476434	-2.356483
R	12.776763	2.087288	-1.841153	1620717730650000	-6.465822	11.198588	-0.435124	-2.364459
L	-6.587550	11.327347	1620717730700000	-6.485506	11.080003	-0.393682	-2.371711
R	13.117116	2.094664	-1.883153	1620717730750000	-6.503112	10.961091	-0.352119	-2.378237
L	-6.199656	10.705439	1620717730800000	-6.518634	10.841889	-0.310448	-2.384035
R	12.474244	2.099561	-1.927284	1620717730850000	-6.532069	10.722434	-0.268682	-2.389102
L	-6.594248	10.131599	1620717730900000	-6.543410	10.602762	-0.226833	-2.393438
R	12.262652	2.124644	-1.941441	1620717730950000	-6.552656	10.482910	-0.184916	-2.397041
L	-7.129598	10.435041	1620717731000000	-6.559803	10.362914	-0.142941	-2.399910
R	12.323692	2.162979	-1.936702	1620717731050000	-6.564849	10.242812	-0.100923	-2.402044
L	-6.516877	10.090674	1620717731100000	-6.567793	10.122640	-0.058874	-2.403442
R	11.692367	2.175607	-1.968084	1620717731150000	-6.568633	10.002435	-0.016807	-2.404104
L	-6.368142	10.856051	1620717731200000	-6.567370	9.882233	0.025265	-2.404030
R	11.700045	2.153470	-2.043724	1620717731250000	-6.564003	9.762072	0.067330	-2.403220
L	-6.750664	9.489915	1620717731300000	-6.558535	9.641989	0.109374	-2.401674
R	11.778908	2.180217	-2.054104	1620717731350000	-6.550966	9.522019	0.151384	-2.399392
L	-6.530060	9.449417	1620717731400000	-6.541298	9.402200	0.193348	-2.396376
R	11.103587	2.200375	-2.072418	1620717731450000	-6.529536	9.282569	0.235253	-2.392625
L	-6.344448	8.955438	1620717731500000	-6.515681	9.163162	0.277086	-2.388142
R	11.192296	2.223208	-2.087093	1620717731550000	-6.499740	9.044015	0.318834	-2.382928
L	-6.522633	9.075520	1620717731600000	-6.481715	8.925166	0.360484	-2.376984
R	11.464641	2.160421	-2.193628	1620717731650000	-6.461614	8.806651	0.402024	-2.370312
L	-6.446425	8.451390	1620717731700000	-6.439442	8.688505	0.443441	-2.362914
R	10.550430	2.259509	-2.126114	1620717731750000	-6.415206	8.570765	0.484722	-2.354792
L	-6.517998	8.828349	1620717731800000	-6.388913	8.453468	0.525854	-2.345949
R	10.688094	2.233040	-2.191044	1620717731850000	-6.360572	8.336649	0.566826	-2.336388
L	-6.253838	7.948240	1620717731900000	-6.330191	8.220343	0.607624	-2.326111
R	10.176743	2.193033	-2.259041	1620717731950000	-6.297779	8.104587	0.648235	-2.315122
L	-6.369120	7.669167	1620717732000000	-6.263347	7.989416	0.688649	-2.303424
R	10.186934	2.297613	-2.196383	1620717732050000	-6.226904	7.874865	0.728851	-2.291021
L	-5.821019	8.023446	1620717732100000	-6.188463	7.760969	0.768830	-2.277916
R	10.234213	2.238895	-2.278238	1620717732150000	-6.148034	7.647763	0.808574	-2.264113
L	-6.140287	7.589607	1620717732200000	-6.105630	7.535282	0.848070	-2.249617
R	9.768190	2.260737	-2.288144	1620717732250000	-6.061265	7.423561	0.887307	-2.234432
L	-5.448738	7.890157	1620717732300000	-6.014951	7.312633	0.926271	-2.218563
R	9.514750	2.270434	-2.306079	1620717732350000	-5.966704	7.202532	0.964952	-2.202014
L	-6.110993	7.364792	1620717732400000	-5.916537	7.093292	1.003338	-2.184791
R	9.643176	2.260635	-2.334206	1620717732450000	-5.864466	6.984947	1.041416	-2.166899
L	-5.767022	6.851644	1620717732500000	-5.810507	6.877530	1.079176	-2.148344
R	8.845146	2.285994	-2.318856	1620717732550000	-5.758437	6.769185	1.041416	-2.166899
L	-5.858667	6.340831	1620717732600000	-5.708270	6.659946	1.003338	-2.184791
R	9.108469	2.296089	-2.287884	1620717732650000	-5.660022	6.549845	0.964952	-2.202014
L	-5.989845	6.165290	1620717732700000	-5.613708	6.438917	0.926271	-2.218563
R	8.277354	2.319090	-2.241219	1620717732750000	-5.569343	6.327195	0.887307	-2.234432
L	-5.240713	6.386173	1620717732800000	-5.526940	6.214714	0.848070	-2.249617
R	8.261293	2.254216	-2.266207	1620717732850000	-5.486511	6.101509	0.808574	-2.264113
L	-5.073522	5.954397	1620717732900000	-5.448069	5.987613	0.768830	-2.277916
R	8.107245	2.320744	-2.173181	1620717732950000	-5.411627	5.873062	0.728851	-2.291021
L	-5.722300	5.912157	1620717733000000	-5.377194	5.757891	0.688649	-2.303424
R	7.870251	2.329100	-2.126573	1620717733050000	-5.344783	5.642135	0.648235	-2.315122
L	-5.306259	6.141729	1620717733100000	-5.314401	5.525829	0.607624	-2.326111
R	7.422050	2.345538	-2.066100	1620717733150000	-5.286060	5.409010	0.566826	-2.336388
L	-5.471030	4.950168	1620717733200000	-5.259767	5.291712	0.525854	-2.345949
R	7.473320	2.349556	-2.016574	1620717733250000	-5.235531	5.173973	0.484722	-2.354792
L	-4.828230	5.275347	1620717733300000	-5.213359	5.055827	0.443441	-2.362914
R	7.340013	2.381816	-1.924038	1620717733350000	-5.193258	4.937311	0.402024	-2.370312
L	-5.179370	4.832074	1620717733400000	-5.175234	4.818462	0.360484	-2.376984
R	7.391456	2.373937	-1.884239	1620717733450000	-5.159292	4.699316	0.318834	-2.382928
L	-5.180568	3.924161	1620717733500000	-5.145438	4.579909	0.277086	-2.388142
R	6.575124	2.501126	-1.618390	1620717733550000	-5.133675	4.460277	0.235253	-2.392625
L	-4.897707	4.121788	1620717733600000	-5.124008	4.340459	0.193348	-2.396376
R	6.553943	2.494444	-1.567402	1620717733650000	-5.116439	4.220489	0.151384	-2.399392
L	-5.284020	3.903448	1620717733700000	-5.110970	4.100405	0.109374	-2.401674
R	6.520578	2.430626	-1.619279	1620717733750000	-5.107603	3.980244	0.067330	-2.403220
L	-5.032389	4.005123	1620717733800000	-5.106340	3.860043	0.025265	-2.404030
R	6.339374	2.480373	-1.463048	1620717733850000	-5.107181	3.739838	-0.016807	-2.404104
L	-5.173665	3.341203	1620717733900000	-5.110124	3.619665	-0.058874	-2.403442
R	5.824100	2.549589	-1.256651	1620717733950000	-5.115170	3.499563	-0.100923	-2.402044
L	-4.684727	2.992268	1620717734000000	-5.122317	3.379568	-0.142941	-2.399910
R	6.793251	2.524134	-1.237031	1620717734050000	-5.131563	3.259716	-0.184916	-2.397041
L	-5.217590	2.834594	1620717734100000	-5.142905	3.140044	-0.226833	-2.393438
R	6.037632	2.620789	-0.955704	1620717734150000	-5.156339	3.020589	-0.268682	-2.389102
L	-5.535981	2.954471	1620717734200000	-5.171861	2.901387	-0.310448	-2.384035
R	5.932981	2.686161	-0.729839	1620717734250000	-5.189467	2.782475	-0.352119	-2.378237
L	-5.383183	2.698645	1620717734300000	-5.209151	2.663889	-0.393682	-2.371711
R	5.850166	2.682506	-0.657691	1620717734350000	-5.230908	2.545667	-0.435124	-2.364459
L	-5.003943	2.468124	1620717734400000	-5.254729	2.427842	-0.476434	-2.356483
R	5.974270	2.772731	-0.363721	1620717734450000	-5.280609	2.310453	-0.517597	-2.347785
L	-5.673166	2.160060	1620717734500000	-5.308539	2.193535	-0.558602	-2.338368
R	5.471555	2.801786	-0.210852	1620717734550000	-5.338511	2.077123	-0.599436	-2.328235
L	-5.424199	2.106053	1620717734600000	-5.370515	1.961254	-0.640086	-2.317389
R	5.582431	2.862624	0.019287	1620717734650000	-5.404542	1.845962	-0.680540	-2.305833
L	-5.129498	1.309180	1620717734700000	-5.440582	1.731283	-0.720786	-2.293571
R	5.810095	2.776855	-0.102739	1620717734750000	-5.478622	1.617253	-0.760811	-2.280607
L	-5.526472	1.381192	1620717734800000	-5.518652	1.503906	-0.800603	-2.266944
R	5.806740	2.873753	0.214050	1620717734850000	-5.560660	1.391277	-0.840150	-2.252587
L	-5.834036	0.917665	1620717734900000	-5.604632	1.279400	-0.879440	-2.237540
R	5.943140	2.909421	0.382598	1620717734950000	-5.650555	1.168309	-0.918460	-2.221808
L	-5.696503	1.207809	1620717735000000	-5.698415	1.058039	-0.957199	-2.205396
R	5.692668	3.004195	0.686538	1620717735050000	-5.748197	0.948624	-0.995645	-2.188308
L	-5.853376	0.615389	1620717735100000	-5.799886	0.840096	-1.033786	-2.170550
R	5.494514	3.015288	0.791972	1620717735150000	-5.853467	0.732490	-1.071610	-2.152127
L	-5.842591	0.619791	1620717735200000	-5.908922	0.625838	-1.109106	-2.133045
R	5.863534	3.090859	1.037619	1620717735250000	-5.966235	0.520172	-1.146263	-2.113310
L	-6.051578	0.547741	1620717735300000	-6.025389	0.415526	-1.183069	-2.092928
R	6.346922	3.125033	1.185037	1620717735350000	-6.086364	0.311931	-1.219512	-2.071905
L	-6.607075	0.587868	1620717735400000	-6.149143	0.209418	-1.255582	-2.050248
R	6.436943	-3.134564	1.305489	1620717735450000	-6.213707	0.108020	-1.291267	-2.027962
L	-5.978898	0.229784	1620717735500000	-6.280035	0.007767	-1.326557	-2.005056
R	5.765495	-3.128253	1.387752	1620717735550000	-6.348107	-0.091309	-1.361440	-1.981535
L	-6.241563	-0.072466	1620717735600000	-6.417902	-0.189180	-1.395907	-1.957408
R	6.068197	3.120521	1.388906	1620717735650000	-6.489399	-0.285814	-1.429946	-1.932681
L	-6.494197	-0.166552	1620717735700000	-6.562577	-0.381182	-1.463547	-1.907362
R	6.939272	-3.053471	1.656476	1620717735750000	-6.637412	-0.475255	-1.496700	-1.881459
L	-6.700377	-0.877788	1620717735800000	-6.713881	-0.568004	-1.529395	-1.854980
R	7.412527	-3.034167	1.748609	1620717735850000	-6.791962	-0.659400	-1.561621	-1.827933
L	-7.021841	-0.767603	1620717735900000	-6.871631	-0.749417	-1.593369	-1.800326
R	7.305980	-3.059155	1.765041	1620717735950000	-6.952862	-0.838025	-1.624629	-1.772168
L	-7.118348	-0.433010	1620717736000000	-7.035632	-0.925199	-1.655392	-1.743467
R	6.886458	-3.056851	1.824692	1620717736050000	-7.119914	-1.010910	-1.685648	-1.714232
L	-7.169276	-1.333156	1620717736100000	-7.205684	-1.095134	-1.715387	-1.684472
R	7.602997	-3.025936	1.923839	1620717736150000	-7.292914	-1.177844	-1.744601	-1.654197
L	-7.142735	-1.220953	1620717736200000	-7.381578	-1.259014	-1.773281	-1.623415
R	7.585592	-2.993953	2.016029	1620717736250000	-7.471649	-1.338621	-1.801418	-1.592135
L	-7.983266	-1.280745	1620717736300000	-7.563099	-1.416640	-1.829003	-1.560368
R	8.256445	-2.960846	2.100494	1620717736350000	-7.655900	-1.493046	-1.856028	-1.528123
L	-7.615397	-1.477105	1620717736400000	-7.750024	-1.567816	-1.882484	-1.495410
R	7.656963	-2.962607	2.138203	1620717736450000	-7.845443	-1.640928	-1.908365	-1.462240
L	-8.365086	-1.717830	1620717736500000	-7.942126	-1.712359	-1.933660	-1.428621
R	8.253713	-2.956165	2.181904	1620717736550000	-8.040044	-1.782087	-1.958364	-1.394565
L	-8.081743	-1.909555	1620717736600000	-8.139167	-1.850092	-1.982467	-1.360082
R	8.641465	-2.886760	2.275239	1620717736650000	-8.239465	-1.916351	-2.005964	-1.325182
L	-7.986859	-1.894094	1620717736700000	-8.340908	-1.980845	-2.028846	-1.289877
R	8.604602	-2.921740	2.275255	1620717736750000	-8.443463	-2.043553	-2.051108	-1.254176
L	-8.724334	-1.809725	1620717736800000	-8.547100	-2.104458	-2.072740	-1.218092
R	8.929515	-2.899259	2.316116	1620717736850000	-8.651787	-2.163540	-2.093739	-1.181634
L	-8.625232	-2.096928	1620717736900000	-8.757492	-2.220780	-2.114095	-1.144814
R	8.969803	-2.884702	2.345207	1620717736950000	-8.864182	-2.276163	-2.133805	-1.107644
L	-9.427401	-2.404132	1620717737000000	-8.971825	-2.329669	-2.152861	-1.070135
R	9.393747	-2.826891	2.384155	1620717737050000	-9.080388	-2.381284	-2.171258	-1.032298
L	-8.924461	-1.986914	1620717737100000	-9.189838	-2.430991	-2.188990	-0.994145
R	9.167293	-2.857052	2.385625	1620717737150000	-9.300140	-2.478776	-2.206051	-0.955687
L	-9.170841	-2.484462	1620717737200000	-9.411262	-2.524623	-2.222437	-0.916937
R	9.542466	-2.821188	2.400736	1620717737250000	-9.523169	-2.568518	-2.238142	-0.877906
L	-9.262144	-2.481961	1620717737300000	-9.635827	-2.610448	-2.253162	-0.838606
R	10.270639	-2.884918	2.396059	1620717737350000	-9.749202	-2.650401	-2.267492	-0.799049
L	-9.954508	-2.071106	1620717737400000	-9.863258	-2.688363	-2.281127	-0.759248
R	10.256924	-2.836487	2.404161	1620717737450000	-9.977961	-2.724324	-2.294064	-0.719214
L	-10.229990	-2.968559	1620717737500000	-10.093276	-2.758272	-2.306299	-0.678960
R	11.066481	-2.847709	2.403407	1620717737550000	-10.209168	-2.790197	-2.317827	-0.638498
L	-9.770312	-2.929682	1620717737600000	-10.325600	-2.820089	-2.328645	-0.597840
R	11.586587	-2.878276	2.403116	1620717737650000	-10.442537	-2.847939	-2.338750	-0.556999
L	-10.263042	-2.688789	1620717737700000	-10.559944	-2.873738	-2.348139	-0.515988
R	11.184392	-2.899707	2.401932	1620717737750000	-10.677785	-2.897479	-2.356809	-0.474819
L	-10.547913	-2.681709	1620717737800000	-10.796023	-2.919154	-2.364757	-0.433504
R	11.108474	-2.921727	2.400386	1620717737850000	-10.914622	-2.938757	-2.371981	-0.392056
L	-10.634767	-2.685395	1620717737900000	-11.033546	-2.956282	-2.378478	-0.350489
R	11.417855	-2.891939	2.386629	1620717737950000	-11.152758	-2.971722	-2.384247	-0.308814
L	-11.134631	-3.457120	1620717738000000	-11.272222	-2.985074	-2.389286	-0.267044
R	11.852124	-2.939101	2.389977	1620717738050000	-11.391902	-2.996334	-2.393593	-0.225193
L	-11.544988	-3.171818	1620717738100000	-11.511760	-3.005498	-2.397167	-0.183273
R	11.946074	-2.911435	2.368955	1620717738150000	-11.631761	-3.012563	-2.400007	-0.141297
L	-11.999698	-2.830244	1620717738200000	-11.751866	-3.017526	-2.402112	-0.099277
R	12.414261	-2.909302	2.352103	1620717738250000	-11.872040	-3.020388	-2.403482	-0.057227
L	-12.246293	-3.045895	1620717738300000	-11.992246	-3.021146	-2.404115	-0.015159
R	12.720802	-2.881532	2.316256	1620717738350000	-12.112447	-3.019800	-2.404012	0.026913
L	-12.178195	-3.046394	1620717738400000	-12.232605	-3.016351	-2.403173	0.068977
R	12.980355	-2.882525	2.293015	1620717738450000	-12.352685	-3.010800	-2.401598	0.111020
L	-12.428430	-2.800994	1620717738500000	-12.472650	-3.003149	-2.399288	0.153028
R	12.889083	-2.920330	2.295032	1620717738550000	-12.592462	-2.993399	-2.396243	0.194990
L	-12.901131	-2.834609	1620717738600000	-12.712085	-2.981555	-2.392464	0.236893
R	12.650161	-2.900700	2.252506	1620717738650000	-12.831483	-2.967619	-2.387952	0.278722
L	-13.468456	-2.922590	1620717738700000	-12.950618	-2.951595	-2.382709	0.320467
R	13.402375	-2.920051	2.239080	1620717738750000	-13.069455	-2.933490	-2.376736	0.362113
L	-13.003427	-2.849514	1620717738800000	-13.187957	-2.913307	-2.370035	0.403648
R	13.443169	-2.894991	2.182491	1620717738850000	-13.306087	-2.891054	-2.362609	0.445060
L	-13.129747	-2.908834	1620717738900000	-13.423810	-2.866737	-2.354459	0.486335
R	13.997103	-2.928077	2.180557	1620717738950000	-13.541089	-2.840364	-2.345588	0.527462
L	-13.757255	-3.138733	1620717739000000	-13.657889	-2.811943	-2.335999	0.568427
R	14.131558	-2.962035	2.179501	1620717739050000	-13.774174	-2.781482	-2.325694	0.609218
L	-13.868725	-2.684607	1620717739100000	-13.889908	-2.748991	-2.314677	0.649822
R	14.103421	-2.958358	2.138633	1620717739150000	-14.005056	-2.714480	-2.302952	0.690227
L	-13.684858	-2.815592	1620717739200000	-14.119582	-2.677959	-2.290521	0.730421
R	14.455187	-2.959594	2.100338	1620717739250000	-14.233451	-2.639439	-2.277388	0.770391
L	-13.998717	-2.530444	1620717739300000	-14.346629	-2.598933	-2.263558	0.810126
R	14.743831	-2.968455	2.069044	1620717739350000	-14.459081	-2.556452	-2.249035	0.849612
L	-14.386427	-2.907587	1620717739400000	-14.570772	-2.512010	-2.233823	0.888838
R	14.966842	-2.934135	1.979271	1620717739450000	-14.681668	-2.465621	-2.217928	0.927792
L	-14.416226	-2.218949	1620717739500000	-14.791736	-2.417298	-2.201352	0.966461
R	15.367433	-2.998062	2.017914	1620717739550000	-14.900941	-2.367056	-2.184103	1.004835
L	-15.172233	-2.783610	1620717739600000	-15.009250	-2.314911	-2.166185	1.042901
R	14.842990	-3.003270	1.978089	1620717739650000	-15.116630	-2.260878	-2.147603	1.080648
L	-15.559535	-2.305985	1620717739700000	-15.223049	-2.204975	-2.128364	1.118063
R	15.438923	-2.997995	1.921467	1620717739750000	-15.328472	-2.147218	-2.108473	1.155137
L	-15.539449	-1.894926	1620717739800000	-15.432869	-2.087626	-2.087937	1.191856
R	15.750352	-3.009677	1.887253	1620717739850000	-15.536207	-2.026215	-2.066760	1.228211
L	-15.637788	-2.181935	1620717739900000	-15.638455	-1.963006	-2.044951	1.264189
R	15.679907	-3.037350	1.876289	1620717739950000	-15.739581	-1.898017	-2.022516	1.299780
L	-15.871557	-1.489732	1620717740000000	-15.839554	-1.831268	-1.999461	1.334973
R	15.482888	-3.041382	1.828847	1620717740050000	-15.938343	-1.762780	-1.975794	1.369758
L	-15.859515	-1.826711	1620717740100000	-16.035919	-1.692574	-1.951522	1.404123
R	16.292908	-3.039057	1.769340	1620717740150000	-16.132252	-1.620671	-1.926653	1.438058
L	-16.429977	-1.583874	1620717740200000	-16.227312	-1.547094	-1.901193	1.471552
R	16.364430	-3.031344	1.698222	1620717740250000	-16.321069	-1.471864	-1.875151	1.504596
L	-16.347788	-1.048963	1620717740300000	-16.413496	-1.395005	-1.848535	1.537179
R	16.676082	-3.083399	1.726998	1620717740350000	-16.504564	-1.316540	-1.821352	1.569291
L	-16.301804	-1.324335	1620717740400000	-16.594244	-1.236494	-1.793612	1.600923
R	16.776909	-3.067959	1.640473	1620717740450000	-16.682510	-1.154891	-1.765323	1.632065
L	-16.772662	-1.011008	1620717740500000	-16.769335	-1.071755	-1.736493	1.662706
R	16.764711	-3.078300	1.596640	1620717740550000	-16.854692	-0.987114	-1.707131	1.692839
L	-16.386832	-1.023951	1620717740600000	-16.938554	-0.900991	-1.677247	1.722453
R	16.985099	-3.109358	1.589543	1620717740650000	-17.020896	-0.813414	-1.646848	1.751539
L	-16.970814	-1.066758	1620717740700000	-17.101694	-0.724409	-1.615946	1.780090
R	17.141065	-3.098778	1.505707	1620717740750000	-17.180921	-0.634005	-1.584548	1.808095
L	-17.510703	-0.822479	1620717740800000	-17.258554	-0.542227	-1.552666	1.835546
R	17.246672	-3.126512	1.492049	1620717740850000	-17.334570	-0.449106	-1.520308	1.862435
L	-17.467384	-0.049338	1620717740900000	-17.408944	-0.354668	-1.487484	1.888754
R	17.445922	-3.119367	1.411298	1620717740950000	-17.481654	-0.258943	-1.454205	1.914494
L	-17.773199	-0.141813	1620717741000000	-17.552678	-0.161961	-1.420480	1.939649
R	17.841946	-3.139436	1.382081	1620717741050000	-17.621994	-0.063750	-1.386320	1.964209
L	-18.227645	0.100062	1620717741100000	-17.689581	0.035658	-1.351736	1.988167
R	17.812361	3.117784	1.364251	1620717741150000	-17.755418	0.136234	-1.316738	2.011517
L	-17.407919	0.427056	1620717741200000	-17.819485	0.237946	-1.281337	2.034251
R	18.104513	3.125810	1.277840	1620717741250000	-17.881762	0.340764	-1.245543	2.056362
L	-17.861620	0.649482	1620717741300000	-17.942230	0.444657	-1.209368	2.077843
R	18.055888	3.118677	1.220603	1620717741350000	-18.000871	0.549591	-1.172822	2.098687
L	-18.134523	0.081253	1620717741400000	-18.057667	0.655535	-1.135917	2.118889
R	17.941995	3.104285	1.177663	1620717741450000	-18.112600	0.762458	-1.098665	2.138442
L	-17.647020	1.029134	1620717741500000	-18.165654	0.870325	-1.061076	2.157341
R	17.975375	3.093883	1.125755	1620717741550000	-18.216812	0.979103	-1.023162	2.175578
L	-18.939154	0.922798	1620717741600000	-18.266059	1.088761	-0.984934	2.193149
R	18.409951	3.066250	1.110075	1620717741650000	-18.313379	1.199263	-0.946405	2.210049
L	-18.401417	1.456812	1620717741700000	-18.358759	1.310577	-0.907587	2.226272
R	19.051195	3.083232	0.997771	1620717741750000	-18.402183	1.422668	-0.868490	2.241813
L	-18.486901	1.637841	1620717741800000	-18.443640	1.535501	-0.829127	2.256667
R	18.593620	3.047334	0.999735	1620717741850000	-18.483115	1.649043	-0.789511	2.270831
L	-18.358714	1.737527	1620717741900000	-18.520598	1.763257	-0.749652	2.284299
R	18.629687	3.044012	0.929983	1620717741950000	-18.556076	1.878111	-0.709564	2.297067
L	-18.375129	1.530008	1620717742000000	-18.589539	1.993567	-0.669259	2.309132
R	18.874563	3.025880	0.892456	1620717742050000	-18.620976	2.109592	-0.628749	2.320490
L	-18.700337	2.169980	1620717742100000	-18.650379	2.226149	-0.588046	2.331137
R	18.264803	3.018197	0.831147	1620717742150000	-18.677737	2.343202	-0.547163	2.341071
L	-18.559518	2.593502	1620717742200000	-18.703042	2.460717	-0.506113	2.350287
R	19.181104	3.006546	0.778252	1620717742250000	-18.726288	2.578656	-0.464907	2.358784
L	-18.668737	2.566241	1620717742300000	-18.747466	2.696984	-0.423559	2.366558
R	19.132944	2.974782	0.770887	1620717742350000	-18.766570	2.815664	-0.382082	2.373608
L	-18.333607	2.775221	1620717742400000	-18.783594	2.934661	-0.340487	2.379930
R	18.596311	2.983286	0.671121	1620717742450000	-18.798534	3.053937	-0.298789	2.385524
L	-18.669548	3.119651	1620717742500000	-18.811383	3.173456	-0.256998	2.390387
R	19.032457	2.986970	0.581335	1620717742550000	-18.822140	3.293182	-0.215129	2.394519
L	-18.576020	3.343026	1620717742600000	-18.830800	3.413078	-0.173194	2.397917
R	18.745492	2.968794	0.542008	1620717742650000	-18.837360	3.533107	-0.131207	2.400580
L	-18.933894	3.350514	1620717742700000	-18.841819	3.653233	-0.089178	2.402509
R	19.131799	2.946502	0.512199	1620717742750000	-18.844175	3.773418	-0.047123	2.403701
L	-18.649071	3.981871	1620717742800000	-18.844428	3.893625	-0.005053	2.404158
R	19.321372	2.950549	0.420112	1620717742850000	-18.842577	4.013819	0.037018	2.403878
L	-18.806275	3.994271	1620717742900000	-18.838623	4.133962	0.079078	2.402862
R	18.768364	2.923431	0.401442	1620717742950000	-18.832567	4.254018	0.121114	2.401110
L	-18.640048	4.180337	1620717743000000	-18.824412	4.373949	0.163113	2.398623
R	19.062464	2.918756	0.329386	1620717743050000	-18.814158	4.493719	0.205062	2.395402
L	-19.100811	5.129330	1620717743100000	-18.801811	4.613292	0.246948	2.391447
R	19.302263	2.910362	0.265914	1620717743150000	-18.787373	4.732630	0.288758	2.386759
L	-18.642244	4.705389	1620717743200000	-18.770849	4.851697	0.330480	2.381341
R	19.681403	2.904242	0.196808	1620717743250000	-18.752244	4.970456	0.372101	2.375193
L	-18.566130	4.970351	1620717743300000	-18.731564	5.088872	0.413607	2.368318
R	19.589864	2.849241	0.244688	1620717743350000	-18.708814	5.206908	0.454988	2.360717
L	-19.228673	5.298601	1620717743400000	-18.684003	5.324528	0.496228	2.352394
R	19.129197	2.874409	0.100430	1620717743450000	-18.657137	5.441695	0.537317	2.343350
L	-18.890114	5.277973	1620717743500000	-18.628225	5.558375	0.578241	2.333589
R	19.416718	2.833532	0.114545	1620717743550000	-18.597276	5.674530	0.618989	2.323113
L	-19.014190	6.028939	1620717743600000	-18.564298	5.790127	0.659546	2.311925
R	19.471536	2.840023	0.014838	1620717743650000	-18.529303	5.905128	0.699902	2.300030
L	-18.510488	5.737912	1620717743700000	-18.492301	6.019500	0.740043	2.287430
R	19.765134	2.827895	-0.040148	1620717743750000	-18.453303	6.133206	0.779958	2.274130
L	-18.320764	6.157120	1620717743800000	-18.412321	6.246213	0.819634	2.260133
R	19.447692	2.797505	-0.051229	1620717743850000	-18.369369	6.358485	0.859058	2.245444
L	-18.221293	6.472838	1620717743900000	-18.324458	6.469988	0.898220	2.230067
R	19.177837	2.794092	-0.127115	1620717743950000	-18.277602	6.580689	0.937107	2.214008
L	-18.692834	6.884186	1620717744000000	-18.228817	6.690552	0.975706	2.197270
R	19.274347	2.790134	-0.201567	1620717744050000	-18.178117	6.799545	1.014007	2.179860
L	-18.363444	6.702464	1620717744100000	-18.125517	6.907634	1.051998	2.161782
R	19.369192	2.765828	-0.227175	1620717744150000	-18.071033	7.014786	1.089666	2.143042
L	-17.940235	7.220266	1620717744200000	-18.014683	7.120969	1.127000	2.123646
R	19.714961	2.761580	-0.300658	1620717744250000	-17.956484	7.226149	1.163990	2.103599
L	-17.734360	6.790065	1620717744300000	-17.896453	7.330294	1.200623	2.082908
R	19.464053	2.744807	-0.344082	1620717744350000	-17.834608	7.433373	1.236888	2.061579
L	-17.770641	7.251731	1620717744400000	-17.770970	7.535354	1.272774	2.039619
R	19.926543	2.726107	-0.382818	1620717744450000	-17.705556	7.636206	1.308271	2.017034
L	-17.481061	7.559476	1620717744500000	-17.638388	7.735897	1.343367	1.993832
R	19.405589	2.719596	-0.450272	1620717744550000	-17.569485	7.834398	1.378051	1.970019
L	-17.731991	7.899997	1620717744600000	-17.498870	7.931678	1.412314	1.945603
R	18.808386	2.675890	-0.429697	1620717744650000	-17.426562	8.027708	1.446144	1.920590
L	-17.698175	8.074911	1620717744700000	-17.352586	8.122457	1.479531	1.894990
R	19.293438	2.696066	-0.559492	1620717744750000	-17.276962	8.215898	1.512465	1.868810
L	-17.550803	8.388445	1620717744800000	-17.199716	8.308001	1.544936	1.842057
R	19.547429	2.688677	-0.623829	1620717744850000	-17.120869	8.398738	1.576934	1.814740
L	-16.845735	8.329977	1620717744900000	-17.040447	8.488081	1.608449	1.786867
R	19.221543	2.672849	-0.668226	1620717744950000	-16.958473	8.576003	1.639471	1.758447
